AprM	40	338.2	35.2
AsrA	237	328.8	162.2
AsrB	283	336.9	242.8
AsrC	218	220	58.1
assAprA	500	1075.6	425.8
assAprB	68.5	127.9	66.3
Cs2H	140	303.6	10
DHDL	276	457.9	81
DoxA	100	307.6	41.4
DoxD	230	234.6	27.6
redDsrD	29	95.7	29.5
DsrE	140	191	124.9
DsrE2	110	160.7	78.2
DsrE3A	98	122.2	73.3
DsrE3B	122	178.3	113
DsrE3C	104	107.8	40.4
DsrE4	104	108.6	65.4
DsrE5	115	143.9	80.3
DsrF	109	156.4	104.6
DsrH	96	124.3	91.6
DsrL	384	387.5	72.9
DsrR	65	106.2	10
DsrS	10	604.4	10
DsrT	100	56	10
FccA	130	133.4	106.9
FccB	503	610.8	253
FlxA	300	485.4	303.4
FlxB	300	464.8	324.5
FlxC	220	415.6	220.2
FlxCD	461	482.9	456.8
FlxD	200	265.4	123
GcvH	121	123.8	87.2
LipT	200	283.3	36.4
HdrF	390	405.7	312.1
HmcA	374	565.8	369.3
HmcB	234	395.4	224.1
HmcC	319	442.8	289.1
HmcD	10	60.4	10
HmcE	235	268	205.8
HmcF	613	955.7	473.5
sHdrT	210	314	10
LbpA1	103	173.2	99.8
LbpA2	161	183.9	160.8
LipS1	180	363.5	10
LipS2	180	453	10
LplA	150	162.5	10
MccA	1000	1195.2	10
MccB	287	331.4	95
MccC	310	361.5	206.1
MccD	288	492.9	283
McrA	10	986.1	10
McrB	10	718.4	10
McrC	10	308.4	10
McrD	10	161.9	10
McrG	10	414.5	10
mHdrA	825	1029.7	695
mHdrB	150	373	263
mHdrC	99	182.8	98.2
mHdrD	595	645.9	550.8
mHdrE	140	260.8	130.2
MvhA	312	196.1	10
MvhD	218	237.1	138.2
MvhG	156	122.4	10
oxAprAI	853	1163	817.1
oxAprAII	1058	1481.2	1046.6
oxAprBI	169	249.4	159.2
oxAprBII	251	251.2	171.5
oxDsrA	522	698	517.4
oxDsrB	475	663	470
oxDsrC	129	162	118.8
oxDsrJ	75	85.8	66.2
oxDsrK	728	770	721.9
oxDsrM	288	301	289.2
oxDsrN	550	605.6	574.5
oxDsrO	266	322.1	261.7
oxDsrP	336.5	349.5	169.4
oxSat	643	688.5	637.7
PsrAPhsASreA	551	766.4	125.6
PsrBPhsBSreB	229	251.4	184
PsrCPhsCSreC	191.5	263.3	41.4
qHdrB	354	363.2	238.9
qHdrC	156	155.9	81.4
QmoA	490	615.3	485
QmoB	559	559.8	294.5
QmoC	132	352.2	126.3
QrcA	136	194.4	31.7
QrcB	447	335	112.2
QrcC	286	315.9	271.4
QrcD	137	648.1	132
redAprA	792.5	1073.4	438.5
redAprB	142	206.6	56.8
redDsrA	191	501.6	362.4
redDsrB	226	472.3	348.6
redDsrC	108	174.1	52
redDsrJ	125	134.5	123.5
redDsrK	341.5	773.2	39.7
redDsrM	120	471.6	126.4
redDsrN	490	568.8	307.6
redDsrO	221	374.1	220.9
redDsrP	285	615.4	230.6
redSat	270	614.7	451.8
Rhd442	110	133.7	101.3
SDOI	186	241.8	159.9
SDOII	156	169.7	56.3
SDOIII	66	125	45.9
sEtfA	325	429.6	35.7
sEtfB	196	357.4	196.7
sHdrA	470.5	478.6	443.3
sHdrB1	142	636.2	136.5
sHdrB2	302	539.3	390.7
sHdrC1	100	352.4	95.7
sHdrC2	118	264	112.8
sHdrCCG1	455	779.8	445.6
sHdrCCG2	728.5	997	701
sHdrH	10	146.4	10
sHdrI	10	142.5	10
sHdrJ	300	361.5	10
sHdrRSoxR	25	104.8	22.5
SoeA	257	1419.3	251.3
SoeB	206	356.1	196.1
SoeC	100	246.3	43.2
SOR	10	192.1	10
SorA	180	486.2	148.8
SorB	40	92.3	34.5
SoxA	126	171.1	121.3
SoxB	200	669.6	10
SoxC	200	336.3	137.6
SoxD	93	195.7	82
SoxE	149	351.2	139.1
SoxF	420	612.9	416.2
SoxG	62	110.6	12
SoxH	288	309.9	73.7
SoxO	110	124.7	44.9
SoxS	36	65.7	31.8
SoxT1	334.5	379.8	277
SoxT2	316	337.2	49.8
SoxV	102	54.1	25.9
SoxW	84.5	107.8	47.7
SoxX	75	100.2	68.6
SoxY	95	108.1	91
SoxZ	76	89.9	71.1
SQRI	257	432.1	253.5
SQRII	411	543.7	406.4
SQRIII	267.5	338.6	78.1
SQRIV	224	438.7	215.7
SQRV	205	248.4	201.2
SQRVI	202	207.3	22.3
TmcA	107	136.3	92.9
TmcB	559	736.9	559.4
TmcC	243	292.2	238.8
TmcD	510	501.9	10
TsdA	373	389.5	365.3
TsdB	215.5	226.5	63.7
TsdBA	259	296.1	14.1
Tth	210	199	21.5
TtrA	367	1224	195.4
TtrB	252	316.1	171
TtrC	160	234.9	74.2
TtrR	145.5	236.7	100.2
TtrS	164.5	486.1	156.6
TusA	20	134.2	22.6
TusADsrE	71	72.5	26.6
TusB	20.7	98.9	18.8
TusC	114	133.4	60.3
TusD	167	173.3	139.9
TusE	142	223	123.6
YeeE	100	222.6	72.7
AcuI	364.9	369.9	125
AcuK	140	275	136.1
AcuN	197.3	587.3	194.5
ComC	241	467.5	10
ComD	314.7	350.7	89.4
ComE	338	373	39.2
CuyA	463.8	463.8	34.7
CuyZ	392.3	392.3	10
CysA	418.1	443.1	152.9
CysC	272.8	287.8	207.5
CysD	322.6	327.6	162.9
CysH	175	270	171.6
CysI	301.9	354.4	247.1
CysJ	562.4	657.4	560.3
CysM	338.5	338.5	61
CysN	268.4	318.4	256.9
CysU	343.1	345.6	250.9
CysW	327.3	327.3	281.9
DddA	690.7	789.7	749.2
DddD	1448.5	1473.5	206.6
DddL	266.8	271.8	52.7
DddP	248.3	723.3	10
DddT	221.4	838.9	10
DddY	542.4	554.9	10
DdhA	317.8	1777.8	967.1
DdhB	673.5	703.5	669.4
DmdA	408.3	450.8	10
DmdB	610.9	787.9	670.3
DmdC	428.5	701	142.9
DmdD	289.5	289.5	251.9
DmoA	124.2	969.2	99.8
DmsA	547.6	547.6	169.9
DmsB	178.5	178.5	97.2
DmsC	174.5	189.5	113.4
DmsD	154.5	167	77.3
DorA	180.8	441.3	10
DorC	235.6	235.6	39.4
DorR	218.2	380.2	235
DorS	291.9	386.9	206.4
DsoA	130.7	135.7	10
DsoB	264.9	264.9	49.2
DsoC	110.7	125.7	103.4
DsoD	518.1	545.6	30.3
DsoE	161.6	161.6	63.3
DsoF	287	292	98.2
HpsK	150.1	225.1	13
HpsL	632.4	744.9	355.3
HpsM	791.7	856.7	801.8
HpsN	545.9	545.9	10
HpsO	280.4	457.9	175.1
HpsP	257.5	272.5	165.6
HpsU	609.5	664.5	278.6
IseJ	388.2	737.9	388.7
IseK	227.9	715.9	163.8
IseL	255.9	260.9	95.9
IseM	476.5	476.5	121.9
IseR	212.8	227.8	185.2
IseU	501	636	280
IsfD	243.4	310.9	127.8
IsfE	242.1	252.1	67.3
IslA	560.9	560.9	10
IslB	254.3	316.8	39.8
MddA	284.2	404.2	10
MsmA	167	667	10
MsmB	252.1	252.1	10
MsmE	415.5	463	110.9
MsmF	351	356	283.2
MsmG	258.5	499.5	347.6
MsmH	327	344.5	273.5
MsuC	392.7	417.7	131.5
MsuD	655	681	170.7
MsuE	222.2	229.7	126.7
Mtox	635.9	655.9	10
P0DOV5	260.5	350.5	159.9
P0DOV6	279.4	314.4	111.7
P0DOV7	787	839.5	37.8
P0DOV8	267.2	312.2	10
P0DOV9	337.2	720.7	124.5
Pta	263.7	583.7	10
SauS	738.9	799.9	71.4
SauT	735.7	740.7	543.9
SauU	702.4	702.4	68.8
SftA	792.5	860	645
SftD	785.1	840.1	740.4
SftG	650.1	1225.1	788.8
SftI	408	579.2	10
SftT	317.8	322.8	10
SlcC	291.2	239.2	51.5
SlcD	373.7	413.7	10
SlcF	481.1	523.6	10
SlcH	236.1	271.1	210.8
SmoA	182	182	130.3
SmoB	249.5	304.5	10
SmoC	751.5	756.5	262.1
SmoD	270.7	270.7	65.1
SmoE	407.9	412.9	162.5
SmoF	165.4	365.4	161.4
SmoG	207.5	342.5	180.2
SmoH	197.5	287.5	188.3
SmoI	741.5	789	414.7
SnfG	541.6	546.6	213.4
SqdA	423.2	465.7	40.7
SqdB	510.3	854.3	10
SqdC	323.6	328.6	64.2
SqdD	477.4	479.9	10
SsuA	187.3	262.3	164.2
SsuB	287.1	462.1	165.9
SsuC	267.3	412.3	151.4
SsuD	590.8	618.3	223.4
SsuE	191.9	191.9	119.6
SuyA	134.4	141.9	71.8
SuyB	350.6	385.6	10
TauA	217.7	237.7	122.6
TauB	298.5	543.5	140.1
TauC	267.8	382.8	164.3
TauD	326.8	326.8	10
TauE	319.8	319.8	46.3
TauK	228.4	565.9	186.1
TauL	180.2	182.7	106.6
TauM	424.9	509.9	175.1
TauR	315.2	315.2	153.3
TauX	171.3	176.3	10
TauY	329.2	376.7	119.2
TauZ	424.5	499.5	378.6
Toa	435.2	445.2	296.7
Tpa	507	529.5	289.4
Xsc	342.2	507.2	69.8
YihO	935.2	940.2	807
YihP	774.3	779.3	454.1
YihQ	870.1	870.1	131.3
YihR	474.2	479.2	10
YihS	761.2	761.2	10
YihT	477.1	477.1	10
YihU	416.9	416.9	30.8
YihV	365.5	365.5	10
TIGR01798_GltA	485.15
TIGR01341_AcnA	136.4
TIGR00183_Icd	206.8
TIGR00239_OdghE1	770
TIGR01019_SucD	136.2
TIGR01016_SucC	109.8
TIGR01176_FrdA	346.2
TIGR00384_DhsB	88
TIGR01811_SdhA	236.1
TIGR01812_SdhA	122
TIGR01816_SdhA	93.2
TIGR02046_SdhC	96
TIGR00979_fumC	664.75
TIGR01763_Mdh	246.9
TIGR00121_birA	83.1
TIGR00214_LipB	83.55
TIGR00510_LipA	310.25
TIGR00545_LplA	201.85
PRK05481_LipA	203
PF10437_LplB	24
PF03099_Lpl-Lip-bpl	21
IPR024897_LipL	100
cd16444_LipB	191.17
MF02118_LipM	130
MF02119_LipL	100.1
cd16443_LplA	100.1
cd16442_BPL	115
TIGR00461_GcvP	859.2
TIGR00527_GcvH	115.85
TIGR00528_GcvT	235.85
TIGR00759_PdhE1	859.9
TIGR01348_PdhE2	552.1
TIGR01350_DHDL	408.8
TIGR03181_PdhE1a	411.35
TIGR03182_PdhE1a	393.85
PRK09405_PdhE1	1326
cd02017_TPP_PdhE1	479
PRK09212_PdhE1b	321
PRK11855_PdhE2	576
PRK09404_KdhE1	764
PRK05704_KdhE2	449
TIGR00239_KdhE1	770
TIGR03186_KdhE2	1408
PF12573_BcdhE1a_N	26
PRK11856_BcdhE2	250
PRK05976_DHDL	469
PRK06327_DHDL	639
PRK06467_DHDL	752
PRK06912_DHDL	374
PRK07818_DHDL	389
PRK07846_DHDL	501
COG1071_AodhE1	283
COG0022_AodhE1b	406
PRK14875_AodhE2	346.9
PF00390_Pyr_Mal_deh	34.1
TIGR00224_PckA	290.7
TIGR00759_PdhE1	859.9
TIGR02176_Pyr_ox_red	105.8
TIGR01418_PEPsyn	591.8
TIGR01255_Pyr_form_ly_1	90.1
TIGR03080_PmoA	92
TIGR03079_PmoB	202
TIGR03078_PmoC	124
PF02406_MmoB	30.2
TIGR04550_MmoD	80
TIGR03256_McrA	314
TIGR03257_McrB	173
TIGR03259_McrG	171
TIGR01171_L2	175
TIGR03625_L3	143
TIGR03953_L4	130
PF00281_L5	34.9
TIGR03654_L6	169
TIGR01067_L14	111
TIGR01071_L15	78
TIGR01164_L16	77
TIGR00060_L18	88
TIGR01044_L22	74
TIGR01079_L24	54
TIGR01009_S3	115
PF00410_S8	24
TIGR01049_S10	73
TIGR03635_S17	89
TIGR01050_S19	89
TIGR03626_L3	309
TIGR03672_L4	270
TIGR03653_L6	185
TIGR03673_L14	191
PF00828_L15	29
TIGR00279_L16	275
PF17135_L18	224
TIGR01038_L22	28
TIGR01080_L24	48
TIGR01008_S3	150
TIGR01046_S10	96
TIGR03630_S17	105
TIGR01025_S19	139
TIGR02013_RpoB	801
TIGR02386_RpoC	964
TIGR00674_DapA	206
TIGR00036_DapB	122
TIGR03538_DapC	453
TIGR03537_DapC	474
TIGR03532_DapD	231
TIGR03536_DapD	518
TIGR03535_DapD	441
TIGR01246_DapE	361
TIGR01900_DapE	304
TIGR00652_DapF	114
